000024
000028
000115
000118
000155
000156
000165
000167
000213
000214
000241
000280
000280
000283
000306
000326
000369
000370
000376
000378
000392
000425
000429
000431
000459
000492
000539
000579
000621
000621
000646
000648
000650
000656
000673
000681
000701
000701
000708
000715
000716
000732
000747
000794
000794
000813
000820
000824
000843
000877
000880
000881
000881
000885
000923
000940
000990
001097
001097
001157
001159
001171
001203
001211
001287
001303
001318
001341
001358
001366
001378
001386
001394
001412
001431
001433
001441
001444
001463
001473
001476
001504
001516
001531
001538
001542
001557
001570
001571
001595
001606
001606
001635
001644
001733
001742
001771
001771
001771
001802
001804
001806
001832
001903
001942
001951
001954
001974
002025
002034
002044
002055
002055
002095
002095
002099
002110
002117
002153
002153
002163
002187
002230
002236
002271
002271
002275
002284
002306
002311
002311
002325
002326
002333
002334
002338
002396
002407
002434
002439
002443
002447
002453
002455
002455
002455
002466
002494
002495
002504
002510
002549
002570
002634
002636
002639
002651
002691
002703
002704
002711
002716
002745
002747
002749
002750
002826
002857
002962
002983
003011
003018
003025
003025
003031
003052
003052
003058
003058
003073
003153
003213
003235
003242
003306
003325
003354
003365
003375
003403
003424
003487
003505
003546
003554
003580
003580
003584
003590
003591
003627
003682
003695
003705
003714
003739
003823
003835
003848
003881
003881
003937
003937
003948
003954
003956
003979
003981
003982
003983
004069
004079
004091
004099
004106
004116
004179
004181
004221
004246
004255
004256
004271
004349
004410
004430
004430
004445
004463
004463
004463
004469
004478
004480
004487
004555
004558
004560
004576
004592
004592
004617
004633
004635
004645
004654
004654
004657
004662
004691
004692
004692
004700
004705
004757
004790
004807
004834
004874
004874
004913
004916
004933
004947
004966
004967
004983
004988
004994
004999
005050
005087
005091
005105
005203
005206
005213
005216
005216
005223
005226
005266
005305
005305
005312
005390
005397
005406
005406
005408
005425
005437
005454
005455
005464
005466
005485
005486
005486
005488
005493
005503
005508
005513
005535
005535
005578
005607
005609
005625
005671
005695
005742
005827
005833
005833
005839
005864
005892
005926
005943
005962
006002
006002
006018
006040
006043
006066
006074
006074
006080
006085
006086
006112
006132
006132
006141
006146
006155
006188
006225
006258
006281
006284
006299
006307
006317
006337
006351
006374
006382
006395
006415
006416
006449
006454
006457
006481
006483
006499
006552
006555
006568
006568
006590
006595
006607
006607
006612
006620
006639
006652
006672
006716
006718
006755
006835
006839
006843
006896
006896
006908
006938
007002
007017
007060
007101
007103
007116
007152
007191
007209
007248
007256
007271
007301
007405
007464
007474
007549
007556
007579
007612
007615
007623
007639
007646
007695
007714
007744
007779
007836
007836
007837
007877
007877
007884
007900
007900
007902
007902
007912
007926
007970
007988
007991
008022
008045
008061
008109
008109
008134
008170
008186
008218
008221
008234
008265
008268
008296
008302
008345
008347
008379
008397
008399
008402
008404
008404
008407
008420
008442
008517
008521
008540
008550
008567
008580
008599
008599
008715
008729
008729
008738
008751
008764
008779
008812
008826
008838
008838
008856
008865
008892
008916
008927
008928
008931
008931
008932
008939
008941
008955
008966
008975
008980
009008
009022
009023
009042
