000000
000001
000002
000004
000008
000010
000011
000012
000013
000014
000016
000017
000018
000019
000021
000022
000023
000025
000026
000027
000030
000031
000032
000033
000034
000035
000037
000038
000040
000041
000042
000043
000044
000045
000046
000047
000048
000049
000050
000051
000052
000053
000055
000056
000058
000060
000061
000062
000063
000064
000066
000068
000070
000072
000074
000078
000079
000080
000082
000083
000084
000085
000086
000087
000089
000091
000092
000093
000095
000096
000099
000100
000102
000103
000104
000105
000106
000107
000108
000109
000110
000111
000112
000113
000114
000117
000119
000120
000123
000124
000125
000126
000127
000128
000132
000133
000134
000135
000136
000137
000138
000139
000140
000141
000142
000143
000144
000145
000146
000147
000148
000149
000150
000151
000154
000157
000158
000159
000160
000161
000163
000164
000166
000170
000171
000173
000174
000175
000177
000178
000180
000181
000182
000183
000184
000185
000186
000187
000189
000190
000191
000192
000193
000194
000195
000196
000197
000198
000200
000201
000202
000203
000204
000205
000206
000208
000209
000211
000212
000215
000216
000217
000219
000220
000221
000222
000223
000224
000225
000226
000227
000228
000229
000230
000232
000233
000234
000235
000236
000237
000238
000239
000240
000242
000243
000244
000246
000247
000248
000249
000250
000252
000253
000254
000255
000256
000257
000258
000259
000260
000261
000262
000263
000264
000265
000267
000269
000271
000274
000275
000276
000277
000278
000281
000282
000284
000285
000286
000287
000288
000289
000291
000292
000293
000294
000295
000300
000301
000302
000303
000304
000308
000309
000310
000311
000312
000314
000315
000316
000317
000318
000319
000320
000322
000323
000324
000325
000329
000330
000331
000332
000333
000334
000335
000336
000341
000342
000343
000344
000345
000346
000348
000349
000350
000351
000352
000353
000354
000355
000356
000357
000358
000359
000360
000362
000363
000364
000365
000368
000373
000377
000379
000380
000381
000382
000385
000387
000389
000390
000391
000393
000396
000397
000398
000399
000400
000401
000403
000404
000406
000407
000408
000409
000410
000411
000412
000413
000415
000416
000417
000418
000419
000420
000421
000422
000423
000424
000426
000427
000428
000430
000432
000433
000434
000435
000436
000437
000438
000439
000440
000441
000442
000443
000446
000447
000448
000449
000450
000452
000453
000454
000455
000456
000457
000460
000463
000464
000465
000466
000467
000468
000470
000471
000472
000474
000475
000476
000478
000479
000480
000481
000482
000483
000484
000486
000487
000488
000489
000490
000493
000494
000495
000496
000497
000498
000499
000500
000504
000506
000507
000508
000509
000510
000511
000512
000513
000515
000516
000517
000520
000521
000523
000524
000525
000526
000527
000529
000530
000531
000532
000533
000534
000535
000536
000538
000540
000541
000542
000543
000544
000545
000546
000548
000549
000550
000551
000552
000553
000554
000555
000556
000557
000558
000559
000560
000561
000562
000564
000565
000566
000567
000568
000569
000570
000571
000572
000573
000574
000575
000576
000577
000580
000581
000582
000583
000584
000585
000586
000587
000590
000591
000592
000593
000594
000595
000596
000597
000598
000600
000601
000602
000603
000604
000605
000607
000609
000610
000611
000614
000615
000616
000617
000618
000619
000620
000623
000625
000627
000628
000629
000631
000632
000634
000635
000636
000637
000638
000639
000641
000643
000644
000645
000647
000649
000651
000652
000653
000657
000658
000660
000661
000663
000664
000665
000666
000667
000668
000669
000671
000675
000676
000677
000678
000679
000680
000682
000683
000684
000685
000686
000688
000689
000691
000692
000693
000694
000695
000696
000697
000699
000700
000702
000703
000704
000707
000709
000710
000713
000714
000717
000718
000720
000721
000722
000723
000724
000725
000726
000728
000730
000731
000733
000734
000735
000736
000737
000738
000739
000740
000741
000742
000743
000746
000749
000751
000753
000754
000755
000756
000757
000758
000760
000762
000764
000765
000766
000767
000768
000769
000770
000772
000773
000774
000775
000776
000777
000778
000779
000780
000781
000783
000784
000785
000787
000789
000790
000791
000792
000793
000795
000796
000797
000798
000799
000800
000801
000804
000805
000806
000807
000811
000812
000815
000817
000819
000821
000822
000823
000825
000826
000827
000828
000829
000830
000831
000832
000833
000834
000835
000836
000837
000838
000839
000840
000841
000844
000845
000846
000847
000848
000849
000851
000852
000853
000854
000855
000857
000858
000859
000860
000861
000863
000865
000867
000868
000869
000870
000871
000872
000873
000874
000876
000878
000879
000882
000884
000886
000887
000888
000889
000890
000891
000893
000894
000895
000896
000897
000898
000899
000900
000901
000902
000903
000904
000905
000906
000909
000910
000911
000912
000914
000916
000918
000920
000921
000924
000925
000926
000927
000928
000929
000930
000933
000934
000935
000937
000941
000944
000945
000946
000947
000948
000949
000951
000953
000954
000955
000957
000958
000960
000961
000962
000964
000965
000966
000967
000968
000969
000970
000971
000972
000974
000976
000977
000978
000982
000983
000985
000986
000987
000988
000989
000991
000992
000993
000998
000999
001000
001001
001002
001003
001004
001005
001006
001007
001008
001009
001010
001011
001013
001014
001015
001017
001019
001024
001025
001026
001028
001029
001030
001031
001032
001033
001034
001036
001038
001039
001040
001041
001042
001043
001044
001045
001046
001048
001050
001051
001052
001053
001054
001055
001056
001057
001058
001061
001063
001064
001065
001066
001067
001068
001069
001070
001071
001072
001073
001074
001078
001079
001081
001082
001083
001084
001087
001088
001090
001092
001093
001094
001095
001096
001098
001099
001100
001102
001103
001105
001106
001108
001109
001110
001111
001112
001114
001116
001117
001118
001120
001121
001122
001124
001126
001127
001129
001130
001132
001133
001134
001135
001136
001137
001138
001140
001141
001142
001143
001144
001145
001146
001147
001149
001151
001152
001153
001155
001156
001158
001161
001163
001164
001166
001168
001169
001172
001173
001174
001175
001176
001179
001180
001181
001182
001184
001185
001186
001187
001188
001189
001190
001191
001192
001193
001194
001195
001196
001197
001198
001200
001201
001202
001204
001205
001206
001207
001209
001210
001212
001213
001214
001215
001217
001218
001220
001221
001223
001224
001225
001226
001227
001228
001230
001231
001232
001233
001234
001235
001237
001238
001239
001240
001241
001242
001243
001244
001245
001246
001248
001249
001250
001252
001253
001254
001255
001256
001257
001258
001259
001260
001261
001262
001263
001264
001266
001267
001268
001269
001272
001273
001274
001275
001276
001278
001279
001280
001281
001282
001283
001285
001286
001288
001289
001290
001291
001292
001293
001294
001295
001297
001298
001300
001301
001302
001304
001305
001306
001307
001308
001309
001310
001311
001313
001314
001315
001317
001319
001320
001321
001325
001326
001327
001331
001332
001333
001334
001337
001339
001340
001342
001346
001348
001349
001350
001351
001353
001354
001355
001356
001361
001362
001363
001364
001365
001367
001368
001369
001371
001373
001374
001375
001379
001380
001381
001382
001383
001387
001388
001389
001390
001391
001392
001393
001395
001397
001401
001402
001403
001404
001405
001407
001408
001409
001410
001413
001414
001415
001417
001420
001421
001422
001423
001424
001425
001427
001428
001429
001430
001434
001435
001437
001438
001439
001440
001443
001445
001446
001447
001448
001450
001451
001452
001454
001457
001458
001459
001460
001461
001462
001464
001465
001466
001467
001469
001470
001471
001474
001475
001477
001478
001479
001480
001481
001483
001485
001486
001488
001489
001491
001492
001494
001495
001496
001497
001498
001499
001500
001501
001502
001503
001505
001506
001507
001508
001509
001510
001511
001512
001513
001515
001518
001520
001522
001523
001524
001526
001527
001530
001532
001533
001534
001535
001536
001537
001540
001541
001543
001544
001546
001547
001548
001549
001550
001551
001553
001554
001555
001560
001561
001563
001564
001566
001567
001568
001569
001572
001573
001575
001576
001577
001580
001581
001582
001583
001584
001586
001587
001588
001589
001590
001591
001592
001593
001594
001596
001598
001599
001600
001601
001602
001603
001604
001607
001608
001609
001611
001612
001614
001615
001616
001617
001618
001619
001620
001621
001622
001623
001624
001625
001628
001629
001630
001631
001632
001633
001634
001636
001637
001638
001639
001640
001641
001642
001643
001645
001646
001648
001649
001650
001652
001653
001654
001655
001658
001660
001661
001662
001663
001665
001666
001667
001668
001669
001670
001671
001674
001675
001676
001678
001679
001680
001681
001682
001683
001684
001685
001686
001688
001691
001692
001694
001695
001696
001697
001698
001700
001701
001702
001703
001704
001705
001706
001707
001709
001710
001711
001713
001715
001716
001717
001718
001719
001720
001721
001722
001724
001725
001726
001727
001728
001729
001730
001732
001734
001735
001736
001737
001738
001739
001740
001741
001743
001744
001746
001747
001748
001749
001750
001751
001754
001755
001756
001757
001758
001759
001761
001762
001764
001766
001767
001768
001769
001770
001774
001775
001778
001779
001780
001782
001783
001785
001786
001787
001788
001790
001791
001792
001794
001795
001797
001798
001799
001800
001801
001807
001808
001810
001811
001813
001814
001818
001819
001820
001821
001822
001825
001826
001828
001830
001831
001833
001834
001835
001836
001837
001838
001840
001841
001843
001845
001846
001847
001848
001849
001852
001853
001854
001856
001857
001858
001859
001860
001861
001863
001869
001870
001871
001872
001874
001875
001876
001877
001878
001879
001880
001881
001883
001884
001886
001888
001889
001890
001891
001892
001895
001897
001898
001899
001900
001901
001902
001904
001905
001907
001908
001909
001910
001911
001913
001914
001915
001916
001917
001919
001920
001921
001922
001923
001924
001925
001926
001927
001929
001930
001931
001932
001937
001938
001939
001941
001944
001945
001946
001948
001949
001950
001952
001953
001955
001957
001958
001959
001960
001961
001964
001965
001966
001967
001968
001969
001970
001971
001972
001975
001976
001977
001978
001979
001981
001982
001983
001985
001987
001988
001989
001990
001991
001992
001993
001994
001995
001996
001998
001999
002000
002001
002002
002003
002005
002007
002008
002009
002010
002011
002012
002013
002015
002016
002018
002019
002021
002022
002023
002024
002026
002027
002028
002029
002030
002031
002032
002033
002037
002038
002039
002040
002042
002043
002045
002046
002048
002051
002052
002053
002056
002057
002058
002059
002060
002061
002062
002063
002064
002065
002068
002069
002071
002072
002073
002074
002075
002076
002077
002078
002079
002082
002083
002084
002085
002086
002087
002088
002089
002090
002091
002092
002093
002094
002096
002097
002098
002100
002101
002102
002104
002105
002106
002107
002109
002111
002113
002114
002115
002116
002118
002119
002122
002124
002125
002126
002128
002129
002130
002131
002132
002133
002134
002136
002137
002138
002139
002140
002141
002142
002143
002144
002145
002146
002148
002149
002150
002152
002154
002155
002156
002157
002158
002160
002162
002166
002167
002168
002170
002172
002173
002174
002175
002177
002178
002179
002180
002181
002182
002183
002184
002185
002186
002188
002191
002192
002193
002194
002195
002196
002197
002198
002199
002200
002201
002202
002204
002206
002207
002210
002213
002214
002215
002216
002218
002220
002221
002222
002223
002224
002225
002226
002227
002228
002229
002231
002234
002235
002238
002239
002240
002241
002243
002244
002245
002246
002247
002248
002249
002250
002251
002254
002255
002256
002257
002258
002259
002261
002262
002263
002265
002266
002267
002268
002269
002273
002274
002276
002277
002279
002280
002281
002282
002283
002286
002287
002288
002289
002291
002293
002294
002295
002296
002298
002299
002300
002302
002303
002313
002315
002316
002318
002319
002320
002322
002323
002324
002327
002328
002329
002330
002332
002335
002336
002337
002339
002340
002341
002342
002343
002344
002345
002347
002348
002349
002352
002353
002354
002355
002356
002358
002359
002360
002361
002362
002363
002364
002366
002367
002368
002370
002371
002372
002375
002376
002378
002379
002381
002382
002383
002386
002387
002389
002390
002391
002392
002393
002394
002397
002398
002399
002400
002402
002404
002406
002410
002412
002413
002414
002415
002416
002417
002418
002419
002420
002421
002423
002424
002425
002426
002427
002429
002430
002431
002432
002435
002436
002438
002440
002441
002442
002444
002445
002446
002448
002450
002451
002452
002454
002456
002457
002458
002459
002460
002464
002465
002468
002469
002470
002472
002473
002474
002476
002478
002481
002482
002483
002485
002486
002487
002489
002490
002492
002493
002496
002497
002499
002500
002501
002502
002503
002506
002507
002509
002511
002512
002513
002514
002515
002516
002517
002518
002519
002520
002521
002522
002523
002524
002525
002526
002527
002528
002530
002531
002532
002534
002535
002536
002537
002538
002540
002541
002543
002544
002546
002547
002548
002550
002552
002554
002555
002556
002557
002558
002559
002561
002562
002563
002564
002565
002566
002567
002568
002569
002571
002572
002573
002574
002575
002576
002577
002578
002579
002580
002581
002583
002584
002585
002586
002587
002588
002590
002591
002592
002594
002595
002596
002598
002599
002600
002602
002603
002604
002606
002608
002610
002611
002612
002613
002614
002616
002617
002618
002619
002620
002621
002623
002624
002625
002627
002628
002629
002631
002632
002633
002635
002637
002638
002640
002641
002642
002643
002645
002646
002647
002648
002649
002650
002652
002653
002655
002656
002657
002658
002659
002660
002661
002662
002663
002664
002665
002666
002667
002668
002669
002670
002671
002672
002673
002674
002675
002676
002678
002679
002680
002681
002682
002683
002684
002685
002687
002688
002689
002692
002693
002695
002698
002699
002701
002702
002705
002706
002709
002712
002717
002718
002719
002720
002721
002722
002723
002724
002725
002726
002729
002730
002731
002732
002733
002736
002737
002738
002741
002742
002743
002744
002746
002751
002752
002754
002755
002756
002757
002758
002759
002760
002761
002762
002763
002765
002766
002770
002771
002777
002778
002779
002780
002781
002782
002783
002785
002786
002788
002790
002791
002792
002793
002794
002795
002796
002799
002800
002801
002802
002803
002804
002805
002806
002807
002809
002810
002811
002812
002813
002815
002816
002817
002819
002820
002821
002822
002825
002827
002828
002830
002832
002833
002834
002835
002838
002839
002840
002841
002842
002843
002844
002845
002846
002848
002849
002852
002853
002855
002856
002858
002860
002861
002863
002864
002867
002868
002869
002870
002871
002872
002873
002875
002876
002877
002878
002879
002880
002881
002882
002883
002886
002887
002889
002890
002891
002894
002895
002897
002898
002899
002900
002901
002903
002904
002905
002906
002907
002908
002910
002911
002912
002913
002914
002915
002917
002918
002919
002920
002924
002925
002926
002928
002929
002930
002934
002935
002936
002937
002938
002940
002941
002942
002943
002944
002946
002947
002949
002952
002953
002954
002955
002956
002960
002961
002963
002964
002965
002966
002967
002968
002969
002970
002971
002973
002974
002975
002976
002977
002978
002980
002982
002984
002985
002986
002987
002988
002989
002994
002996
002998
002999
003000
003001
003002
003003
003004
003005
003006
003007
003009
003010
003012
003013
003014
003016
003017
003019
003020
003021
003022
003023
003024
003026
003027
003028
003029
003030
003032
003033
003034
003035
003037
003038
003039
003045
003047
003048
003049
003050
003053
003055
003056
003057
003060
003062
003063
003064
003065
003066
003067
003071
003072
003074
003075
003076
003077
003078
003082
003086
003087
003088
003089
003090
003091
003092
003093
003094
003095
003097
003099
003101
003102
003104
003105
003106
003107
003109
003113
003115
003116
003117
003118
003119
003120
003121
003122
003125
003126
003127
003128
003129
003130
003131
003132
003133
003134
003135
003136
003137
003138
003139
003140
003141
003142
003143
003144
003145
003146
003147
003148
003149
003150
003151
003152
003154
003155
003157
003158
003159
003160
003161
003162
003163
003164
003165
003168
003170
003171
003174
003176
003178
003179
003180
003181
003183
003184
003185
003186
003188
003191
003192
003193
003194
003195
003196
003198
003200
003201
003202
003203
003204
003205
003206
003207
003208
003209
003210
003212
003214
003215
003216
003217
003218
003219
003220
003221
003222
003226
003227
003228
003229
003230
003231
003232
003233
003234
003239
003241
003243
003244
003245
003246
003247
003248
003249
003250
003251
003252
003254
003257
003258
003259
003260
003261
003263
003264
003265
003267
003268
003269
003270
003273
003274
003275
003276
003277
003278
003279
003281
003283
003284
003285
003286
003287
003288
003289
003291
003292
003294
003295
003296
003297
003299
003301
003303
003304
003305
003307
003308
003309
003310
003311
003312
003313
003314
003316
003318
003319
003320
003322
003323
003326
003327
003330
003331
003332
003333
003334
003335
003337
003338
003339
003340
003341
003342
003343
003344
003345
003347
003348
003349
003350
003352
003353
003355
003356
003357
003360
003362
003363
003364
003366
003367
003368
003369
003370
003371
003372
003373
003376
003378
003379
003380
003381
003382
003383
003384
003385
003386
003387
003388
003389
003390
003392
003393
003394
003399
003400
003401
003404
003405
003406
003407
003408
003409
003410
003411
003412
003414
003417
003418
003419
003420
003421
003423
003425
003427
003429
003430
003431
003432
003433
003434
003435
003436
003439
003445
003447
003452
003453
003454
003455
003456
003457
003458
003459
003462
003463
003464
003465
003467
003468
003469
003470
003471
003472
003474
003475
003476
003477
003478
003479
003480
003482
003484
003485
003488
003489
003490
003491
003493
003494
003495
003497
003498
003500
003501
003502
003503
003507
003508
003509
003510
003512
003515
003516
003517
003519
003521
003523
003524
003525
003526
003527
003528
003529
003531
003535
003537
003539
003540
003542
003543
003544
003545
003550
003551
003552
003553
003555
003556
003557
003558
003559
003560
003561
003562
003563
003566
003567
003569
003570
003571
003573
003574
003575
003576
003578
003579
003581
003582
003585
003588
003589
003592
003594
003595
003597
003598
003599
003600
003601
003603
003604
003605
003606
003607
003609
003610
003611
003612
003613
003614
003615
003617
003618
003621
003622
003623
003628
003630
003631
003635
003636
003637
003638
003639
003640
003642
003643
003644
003645
003646
003650
003652
003653
003654
003655
003656
003657
003658
003659
003660
003661
003662
003663
003664
003666
003668
003669
003670
003671
003672
003673
003674
003675
003677
003678
003680
003681
003683
003684
003685
003686
003687
003688
003689
003691
003692
003693
003694
003697
003698
003699
003700
003701
003702
003703
003704
003706
003707
003709
003710
003712
003713
003715
003716
003717
003718
003719
003720
003721
003722
003723
003724
003726
003728
003729
003731
003732
003733
003734
003736
003737
003738
003740
003742
003743
003744
003745
003746
003747
003748
003749
003750
003752
003753
003754
003755
003756
003757
003758
003759
003760
003761
003766
003767
003768
003769
003770
003771
003777
003778
003781
003782
003783
003785
003787
003788
003789
003790
003791
003792
003793
003794
003795
003796
003797
003799
003800
003802
003803
003805
003806
003807
003809
003810
003812
003813
003814
003815
003816
003818
003819
003820
003821
003822
003824
003825
003826
003827
003828
003830
003831
003832
003833
003834
003836
003837
003838
003839
003842
003843
003844
003847
003851
003852
003853
003855
003856
003857
003859
003860
003861
003862
003863
003864
003865
003866
003867
003868
003870
003871
003872
003874
003875
003877
003878
003879
003880
003882
003884
003885
003886
003887
003890
003891
003892
003893
003895
003897
003899
003900
003901
003902
003903
003905
003906
003907
003910
003913
003914
003915
003916
003919
003921
003922
003923
003924
003925
003930
003931
003933
003934
003935
003936
003938
003939
003940
003941
003943
003944
003946
003947
003950
003951
003952
003953
003955
003958
003959
003961
003962
003963
003964
003965
003967
003968
003969
003970
003972
003973
003974
003975
003977
003978
003984
003986
003988
003989
003990
003992
003993
003994
003995
003996
003997
003998
003999
004000
004001
004004
004005
004006
004009
004010
004011
004012
004013
004014
004015
004016
004017
004019
004020
004021
004022
004023
004024
004025
004027
004028
004029
004030
004032
004035
004036
004038
004039
004040
004041
004042
004043
004044
004045
004046
004047
004049
004051
004052
004053
004054
004055
004056
004057
004058
004059
004061
004063
004064
004065
004066
004067
004068
004070
004071
004072
004073
004074
004076
004077
004081
004082
004085
004086
004087
004088
004089
004090
004093
004095
004101
004102
004104
004107
004108
004109
004110
004111
004112
004114
004117
004118
004119
004120
004121
004125
004126
004127
004128
004129
004130
004131
004132
004133
004135
004136
004138
004139
004140
004141
004142
004143
004145
004146
004149
004150
004151
004153
004154
004155
004156
004157
004158
004161
004163
004164
004165
004166
004167
004168
004169
004170
004171
004172
004173
004174
004175
004176
004178
004180
004182
004183
004184
004185
004186
004187
004188
004189
004190
004191
004192
004194
004196
004197
004199
004202
004203
004204
004205
004206
004207
004208
004209
004210
004214
004215
004216
004218
004219
004224
004225
004226
004227
004229
004230
004234
004235
004238
004239
004241
004242
004243
004245
004247
004248
004249
004251
004252
004253
004254
004257
004258
004261
004262
004263
004264
004265
004266
004267
004269
004270
004272
004273
004274
004275
004277
004279
004280
004281
004282
004283
004284
004286
004288
004289
004290
004291
004293
004294
004295
004296
004300
004301
004302
004303
004304
004305
004306
004308
004309
004310
004311
004313
004315
004316
004317
004319
004320
004322
004323
004324
004327
004328
004329
004331
004332
004333
004334
004335
004336
004337
004338
004339
004340
004341
004342
004344
004347
004348
004351
004352
004353
004354
004355
004356
004357
004358
004359
004360
004361
004363
004365
004366
004367
004368
004369
004370
004371
004372
004373
004376
004377
004378
004379
004382
004384
004385
004386
004387
004388
004389
004390
004391
004392
004393
004395
004397
004398
004399
004403
004404
004405
004406
004407
004408
004411
004412
004414
004418
004419
004420
004421
004422
004423
004424
004425
004426
004427
004428
004429
004432
004433
004434
004435
004437
004438
004439
004440
004441
004443
004444
004446
004447
004448
004449
004450
004452
004453
004454
004455
004457
004458
004459
004460
004461
004462
004464
004465
004466
004470
004472
004473
004474
004475
004476
004477
004479
004481
004482
004483
004484
004485
004486
004488
004489
004490
004491
004492
004493
004494
004495
004496
004497
004498
004499
004500
004501
004502
004505
004506
004507
004509
004510
004513
004514
004515
004516
004517
004518
004521
004522
004523
004525
004527
004528
004529
004530
004531
004532
004533
004534
004535
004537
004541
004543
004544
004545
004547
004550
004551
004553
004554
004557
004562
004564
004565
004567
004568
004569
004570
004572
004573
004574
004578
004579
004580
004581
004582
004583
004584
004586
004587
004588
004591
004594
004595
004596
004597
004598
004599
004601
004605
004607
004609
004611
004612
004613
004614
004615
004618
004619
004622
004623
004626
004628
004630
004631
004634
004637
004638
004639
004640
004641
004643
004644
004646
004647
004648
004649
004651
004652
004653
004655
004656
004659
004660
004661
004663
004665
004666
004667
004668
004670
004671
004672
004673
004674
004675
004676
004677
004678
004680
004681
004682
004683
004685
004686
004687
004688
004693
004694
004695
004696
004698
004701
004702
004703
004704
004708
004709
004711
004712
004713
004714
004715
004716
004717
004718
004723
004724
004726
004727
004728
004729
004730
004731
004733
004734
004735
004736
004737
004738
004739
004740
004741
004742
004743
004744
004745
004746
004747
004748
004749
004750
004751
004752
004753
004758
004759
004760
004761
004762
004763
004764
004766
004769
004771
004772
004774
004775
004777
004778
004779
004780
004781
004782
004783
004784
004785
004786
004788
004792
004793
004794
004795
004797
004798
004799
004800
004801
004802
004803
004804
004806
004809
004811
004813
004814
004815
004816
004817
004818
004819
004820
004821
004822
004823
004825
004826
004827
004828
004829
004830
004831
004833
004835
004836
004837
004838
004839
004841
004842
004843
004844
004845
004846
004847
004848
004849
004852
004853
004854
004855
004856
004859
004860
004861
004862
004863
004866
004867
004870
004871
004872
004873
004877
004878
004879
004880
004881
004882
004883
004886
004887
004888
004891
004893
004894
004895
004896
004897
004898
004901
004902
004904
004905
004906
004908
004910
004911
004912
004914
004917
004918
004920
004921
004922
004923
004924
004926
004927
004928
004929
004930
004931
004934
004935
004936
004938
004939
004940
004941
004942
004944
004948
004949
004951
004952
004953
004954
004955
004956
004957
004958
004960
004961
004962
004964
004965
004968
004969
004971
004972
004973
004974
004977
004979
004980
004981
004982
004984
004985
004986
004987
004989
004990
004991
004996
004997
005000
005001
005002
005003
005004
005011
005012
005013
005015
005017
005018
005019
005020
005021
005024
005025
005026
005028
005029
005031
005032
005033
005034
005035
005036
005037
005038
005040
005044
005045
005046
005047
005049
005053
005055
005056
005057
005058
005059
005060
005061
005062
005063
005064
005065
005066
005068
005070
005071
005072
005074
005075
005076
005078
005080
005081
005082
005083
005084
005085
005089
005090
005092
005094
005095
005096
005097
005099
005100
005101
005102
005103
005104
005106
005107
005108
005109
005110
005111
005113
005114
005115
005116
005117
005120
005121
005122
005123
005124
005125
005126
005128
005129
005130
005132
005133
005136
005137
005138
005139
005140
005141
005142
005143
005146
005147
005148
005149
005150
005151
005152
005153
005155
005158
005159
005162
005163
005164
005165
005166
005167
005168
005169
005172
005173
005174
005175
005177
005178
005179
005180
005181
005182
005184
005185
005187
005188
005189
005190
005191
005192
005193
005194
005195
005196
005199
005201
005202
005205
005208
005209
005211
005212
005214
005218
005219
005220
005221
005222
005225
005227
005228
005229
005230
005231
005233
005234
005235
005236
005237
005238
005239
005240
005241
005242
005244
005245
005246
005247
005248
005249
005251
005252
005253
005254
005255
005256
005257
005258
005260
005261
005262
005265
005267
005268
005269
005270
005271
005272
005275
005277
005278
005279
005280
005282
005283
005285
005286
005287
005288
005289
005290
005292
005293
005295
005297
005298
005299
005301
005302
005304
005306
005307
005308
005309
005310
005311
005313
005314
005315
005316
005318
005319
005320
005321
005323
005325
005326
005327
005328
005330
005331
005332
005333
005334
005335
005336
005337
005338
005339
005341
005343
005344
005345
005346
005349
005350
005351
005352
005353
005354
005355
005356
005357
005358
005359
005360
005361
005363
005364
005365
005366
005367
005368
005369
005371
005372
005373
005374
005375
005377
005380
005382
005383
005387
005388
005389
005391
005392
005393
005394
005395
005396
005398
005399
005400
005401
005402
005403
005404
005407
005410
005411
005413
005414
005416
005417
005418
005419
005420
005421
005424
005427
005429
005432
005433
005434
005435
005438
005441
005443
005444
005445
005447
005448
005449
005450
005451
005452
005453
005456
005457
005458
005459
005460
005461
005462
005463
005465
005467
005470
005471
005474
005475
005476
005477
005478
005479
005481
005487
005489
005490
005491
005494
005495
005496
005498
005500
005501
005502
005504
005505
005506
005507
005509
005510
005511
005515
005516
005517
005519
005521
005522
005523
005524
005525
005526
005527
005528
005529
005530
005531
005532
005533
005534
005537
005538
005539
005540
005542
005543
005544
005545
005546
005547
005548
005549
005550
005551
005552
005553
005554
005555
005556
005557
005558
005559
005560
005561
005562
005564
005565
005566
005567
005569
005570
005571
005572
005573
005574
005575
005576
005579
005580
005581
005585
005586
005587
005588
005591
005592
005593
005594
005595
005596
005597
005598
005599
005600
005601
005602
005603
005604
005608
005610
005612
005613
005614
005616
005617
005618
005619
005620
005622
005623
005624
005627
005629
005630
005631
005632
005634
005635
005636
005639
005640
005641
005642
005643
005644
005645
005646
005647
005648
005651
005652
005653
005654
005655
005656
005657
005660
005661
005662
005663
005665
005672
005673
005675
005676
005677
005678
005680
005682
005683
005686
005687
005688
005689
005691
005692
005693
005696
005698
005699
005700
005702
005704
005705
005706
005707
005708
005709
005713
005714
005716
005717
005720
005721
005725
005726
005727
005728
005730
005732
005734
005735
005736
005737
005739
005741
005743
005745
005747
005748
005749
005750
005751
005753
005755
005757
005758
005759
005760
005763
005764
005766
005767
005768
005769
005770
005771
005772
005773
005775
005776
005777
005778
005779
005782
005783
005785
005786
005787
005788
005790
005791
005792
005793
005795
005797
005799
005802
005803
005805
005807
005808
005809
005812
005813
005814
005815
005816
005817
005819
005820
005823
005825
005826
005828
005829
005830
005831
005832
005837
005838
005842
005843
005844
005846
005848
005849
005850
005851
005852
005853
005856
005857
005858
005859
005861
005862
005863
005868
005869
005870
005871
005872
005873
005874
005875
005876
005878
005879
005880
005881
005882
005883
005885
005886
005887
005888
005890
005891
005894
005895
005896
005897
005899
005901
005902
005903
005905
005907
005908
005911
005913
005914
005915
005917
005918
005919
005920
005921
005923
005925
005927
005928
005929
005931
005932
005933
005934
005936
005937
005938
005941
005942
005944
005945
005946
005948
005949
005950
005951
005952
005953
005955
005956
005957
005958
005961
005963
005964
005965
005967
005968
005970
005971
005972
005974
005975
005977
005978
005980
005982
005983
005984
005986
005988
005991
005992
005994
005995
005996
006000
006001
006003
006004
006005
006006
006007
006008
006010
006011
006012
006013
006014
006015
006016
006019
006020
006022
006023
006024
006025
006026
006027
006028
006029
006031
006032
006033
006034
006035
006036
006037
006039
006041
006042
006044
006045
006047
006048
006049
006050
006053
006054
006057
006060
006061
006062
006063
006067
006069
006070
006071
006072
006073
006075
006077
006078
006081
006083
006084
006087
006089
006093
006094
006095
006096
006097
006098
006099
006100
006103
006105
006108
006109
006110
006113
006116
006118
006119
006120
006121
006122
006123
006124
006125
006126
006127
006128
006129
006131
006134
006135
006136
006137
006139
006142
006144
006148
006149
006150
006152
006153
006157
006158
006159
006163
006166
006167
006168
006169
006170
006171
006172
006173
006174
006177
006178
006179
006180
006181
006182
006183
006184
006186
006187
006189
006191
006192
006193
006194
006195
006196
006197
006198
006200
006201
006202
006204
006205
006206
006207
006208
006209
006212
006213
006214
006215
006216
006218
006219
006220
006221
006222
006223
006224
006227
006228
006229
006230
006231
006233
006235
006236
006237
006238
006241
006242
006243
006244
006245
006246
006247
006250
006252
006253
006254
006255
006256
006257
006259
006261
006262
006263
006264
006266
006267
006269
006270
006271
006272
006274
006275
006277
006278
006279
006280
006283
006285
006286
006287
006289
006291
006292
006295
006296
006298
006301
006302
006303
006304
006306
006309
006311
006312
006313
006314
006315
006316
006318
006319
006320
006322
006323
006324
006325
006326
006327
006329
006331
006333
006334
006335
006336
006338
006339
006340
006343
006344
006345
006347
006348
006349
006350
006353
006354
006355
006356
006357
006358
006359
006360
006361
006362
006363
006364
006365
006366
006367
006368
006369
006370
006372
006377
006378
006379
006381
006383
006384
006385
006386
006387
006390
006391
006392
006393
006394
006396
006398
006400
006401
006404
006406
006409
006410
006411
006412
006414
006419
006420
006423
006425
006426
006427
006428
006429
006430
006431
006432
006433
006434
006435
006436
006437
006438
006439
006440
006442
006443
006444
006445
006446
006448
006450
006451
006452
006453
006455
006456
006458
006459
006460
006461
006462
006464
006465
006466
006467
006468
006470
006471
006472
006473
006474
006475
006476
006477
006478
006480
006482
006484
006486
006487
006488
006489
006490
006491
006492
006493
006495
006496
006497
006498
006500
006501
006502
006504
006505
006506
006507
006508
006509
006510
006512
006513
006514
006515
006516
006517
006518
006519
006520
006521
006522
006524
006525
006527
006528
006529
006530
006531
006532
006533
006535
006536
006537
006539
006541
006542
006543
006544
006546
006548
006549
006550
006551
006553
006554
006556
006557
006559
006560
006562
006563
006565
006566
006567
006569
006570
006571
006572
006573
006574
006575
006576
006577
006578
006582
006583
006584
006585
006588
006589
006591
006592
006593
006594
006597
006598
006602
006603
006605
006606
006608
006613
006614
006616
006617
006619
006621
006622
006623
006624
006625
006627
006628
006631
006632
006636
006637
006638
006641
006642
006643
006644
006645
006646
006648
006649
006653
006654
006655
006657
006659
006660
006662
006663
006664
006665
006667
006668
006669
006670
006671
006673
006674
006675
006676
006677
006678
006680
006681
006682
006683
006684
006686
006688
006690
006691
006692
006694
006695
006696
006698
006699
006700
006701
006703
006704
006707
006708
006709
006710
006711
006712
006713
006717
006720
006721
006722
006724
006728
006729
006730
006731
006732
006734
006735
006736
006737
006738
006739
006740
006741
006742
006743
006744
006745
006746
006747
006748
006749
006750
006751
006752
006754
006757
006758
006759
006760
006761
006762
006763
006764
006765
006766
006767
006768
006769
006770
006772
006773
006774
006775
006776
006777
006779
006781
006782
006783
006785
006786
006788
006789
006790
006791
006792
006793
006795
006797
006798
006799
006801
006802
006803
006805
006806
006807
006808
006811
006812
006814
006816
006817
006818
006819
006820
006821
006822
006823
006824
006825
006827
006828
006829
006830
006831
006833
006834
006836
006838
006841
006842
006845
006846
006847
006848
006849
006850
006852
006853
006854
006855
006856
006858
006859
006860
006861
006863
006865
006866
006867
006868
006869
006870
006871
006872
006874
006875
006876
006877
006878
006879
006880
006881
006882
006883
006885
006886
006888
006889
006890
006891
006892
006893
006894
006895
006902
006904
006905
006906
006909
006910
006912
006913
006915
006916
006917
006918
006919
006920
006921
006923
006926
006927
006928
006930
006933
006934
006935
006937
006939
006940
006941
006942
006943
006944
006945
006946
006947
006948
006949
006950
006951
006952
006953
006954
006957
006958
006959
006960
006961
006962
006964
006966
006968
006969
006970
006971
006972
006973
006977
006978
006979
006980
006981
006983
006985
006986
006987
006989
006990
006991
006992
006993
006995
006996
006997
006998
006999
007000
007001
007004
007005
007006
007007
007008
007009
007011
007012
007014
007015
007016
007018
007019
007020
007021
007022
007023
007024
007025
007026
007027
007028
007029
007030
007031
007032
007034
007036
007037
007038
007039
007040
007041
007042
007044
007045
007046
007047
007051
007052
007053
007054
007055
007056
007058
007059
007061
007063
007065
007066
007067
007069
007070
007071
007072
007073
007074
007076
007077
007078
007079
007080
007083
007084
007085
007087
007089
007090
007091
007092
007094
007095
007096
007097
007098
007099
007100
007105
007106
007107
007109
007110
007112
007113
007115
007117
007118
007119
007121
007122
007123
007125
007126
007127
007128
007130
007133
007136
007138
007140
007142
007143
007144
007145
007146
007147
007148
007150
007151
007153
007155
007156
007159
007162
007165
007166
007167
007168
007169
007172
007173
007174
007175
007177
007178
007181
007182
007183
007184
007185
007186
007188
007189
007190
007193
007194
007195
007196
007197
007198
007199
007200
007201
007202
007203
007204
007205
007206
007207
007210
007212
007213
007214
007215
007216
007217
007218
007221
007222
007223
007225
007226
007227
007228
007230
007231
007232
007233
007236
007237
007238
007239
007243
007244
007246
007247
007249
007250
007251
007252
007253
007254
007255
007257
007258
007259
007261
007262
007263
007264
007265
007266
007267
007268
007269
007273
007274
007275
007276
007277
007278
007279
007281
007282
007283
007285
007287
007288
007289
007290
007291
007292
007293
007294
007295
007296
007297
007298
007299
007300
007304
007305
007306
007307
007311
007313
007314
007315
007316
007317
007318
007319
007320
007321
007322
007324
007325
007326
007327
007329
007331
007332
007333
007337
007338
007339
007340
007341
007342
007343
007344
007345
007346
007347
007348
007349
007350
007351
007353
007354
007355
007357
007358
007359
007360
007361
007362
007364
007365
007366
007367
007368
007369
007370
007371
007372
007373
007374
007376
007378
007379
007380
007381
007382
007383
007384
007385
007386
007387
007388
007389
007390
007391
007392
007393
007394
007397
007398
007399
007400
007402
007403
007404
007407
007408
007409
007410
007411
007412
007413
007414
007415
007416
007417
007418
007419
007421
007422
007424
007426
007427
007428
007429
007430
007431
007433
007434
007435
007436
007437
007438
007439
007440
007441
007442
007444
007446
007447
007448
007449
007450
007451
007452
007456
007457
007459
007460
007461
007463
007465
007466
007467
007468
007469
007470
007472
007475
007476
007477
007478
007480
007482
007484
007485
007487
007488
007489
007490
007493
007494
007496
007497
007498
007499
007500
007501
007502
007503
007504
007505
007509
007510
007512
007513
007514
007515
007516
007518
007519
007522
007523
007524
007525
007526
007527
007528
007529
007530
007531
007532
007533
007534
007535
007536
007537
007538
007539
007541
007542
007543
007544
007545
007546
007547
007548
007551
007552
007553
007554
007558
007559
007560
007561
007562
007563
007564
007565
007566
007567
007568
007570
007571
007572
007573
007574
007575
007578
007580
007581
007583
007585
007586
007588
007589
007590
007592
007593
007595
007596
007598
007599
007600
007601
007602
007603
007604
007605
007606
007607
007608
007609
007610
007611
007614
007616
007617
007618
007619
007621
007622
007624
007625
007626
007627
007628
007629
007630
007631
007633
007634
007635
007637
007638
007641
007642
007643
007645
007647
007648
007649
007650
007651
007652
007654
007655
007657
007658
007659
007660
007661
007662
007664
007665
007667
007668
007669
007670
007671
007672
007675
007676
007677
007680
007681
007682
007683
007684
007685
007686
007687
007688
007690
007691
007692
007693
007694
007696
007697
007698
007699
007700
007701
007703
007704
007705
007706
007709
007710
007711
007712
007715
007717
007718
007719
007720
007721
007722
007723
007725
007726
007727
007729
007730
007731
007732
007733
007734
007735
007736
007737
007738
007739
007740
007741
007743
007745
007746
007747
007748
007749
007750
007752
007753
007754
007755
007757
007758
007759
007760
007761
007762
007763
007764
007765
007766
007768
007769
007770
007771
007772
007773
007775
007776
007777
007780
007781
007782
007783
007784
007785
007786
007788
007792
007793
007794
007797
007798
007799
007800
007801
007802
007805
007807
007808
007809
007811
007813
007814
007815
007816
007817
007820
007821
007822
007823
007824
007825
007826
007827
007828
007830
007831
007832
007833
007834
007839
007840
007841
007842
007843
007844
007846
007847
007848
007849
007850
007853
007854
007855
007856
007857
007858
007859
007861
007863
007864
007865
007866
007867
007868
007870
007871
007872
007873
007875
007876
007878
007881
007882
007883
007885
007886
007887
007888
007889
007892
007893
007894
007895
007896
007897
007898
007899
007903
007904
007905
007907
007908
007910
007913
007915
007916
007917
007920
007922
007923
007924
007925
007927
007928
007930
007931
007933
007934
007935
007937
007938
007939
007940
007941
007942
007944
007945
007946
007947
007948
007949
007950
007952
007953
007955
007956
007957
007958
007959
007960
007961
007962
007963
007964
007965
007966
007971
007972
007975
007976
007977
007979
007980
007981
007982
007983
007984
007989
007990
007993
007994
007996
007997
007998
008000
008001
008003
008004
008006
008007
008008
008009
008011
008012
008013
008014
008015
008016
008017
008018
008020
008023
008025
008026
008028
008030
008031
008032
008033
008034
008035
008037
008038
008039
008040
008042
008044
008046
008047
008048
008050
008052
008053
008057
008058
008059
008060
008062
008063
008064
008066
008067
008068
008070
008071
008072
008073
008074
008076
008077
008078
008079
008080
008081
008083
008084
008085
008086
008090
008091
008092
008094
008096
008097
008098
008099
008100
008101
008102
008103
008104
008105
008106
008108
008110
008111
008112
008113
008114
008115
008116
008117
008118
008119
008120
008121
008122
008123
008126
008127
008128
008129
008131
008132
008133
008135
008136
008138
008140
008141
008142
008145
008146
008147
008148
008149
008150
008152
008153
008155
008156
008157
008159
008160
008163
008165
008166
008167
008169
008171
008172
008173
008174
008175
008176
008177
008179
008181
008182
008183
008184
008185
008187
008190
008191
008192
008193
008194
008195
008196
008197
008198
008199
008200
008202
008203
008204
008205
008206
008209
008210
008211
008212
008214
008215
008216
008217
008219
008220
008222
008223
008224
008225
008226
008227
008228
008230
008232
008233
008237
008238
008239
008240
008241
008242
008243
008244
008245
008246
008247
008248
008249
008250
008251
008252
008253
008255
008256
008257
008259
008260
008261
008264
008266
008267
008269
008270
008271
008272
008273
008275
008276
008278
008279
008281
008282
008284
008285
008286
008287
008288
008289
008290
008291
008292
008295
008298
008299
008300
008303
008307
008308
008309
008310
008311
008312
008313
008314
008315
008317
008318
008319
008320
008321
008322
008323
008325
008328
008330
008331
008332
008334
008335
008336
008337
008338
008339
008340
008341
008342
008344
008346
008349
008350
008352
008353
008355
008356
008358
008359
008361
008362
008363
008366
008367
008368
008370
008372
008373
008375
008377
008378
008380
008381
008383
008384
008385
008386
008387
008388
008389
008390
008391
008393
008394
008395
008396
008398
008401
008403
008405
008406
008408
008409
008410
008411
008412
008414
008416
008417
008418
008421
008423
008427
008428
008429
008431
008433
008434
008436
008438
008439
008441
008446
008447
008448
008452
008453
008454
008455
008456
008457
008458
008459
008461
008462
008463
008465
008466
008467
008468
008469
008470
008471
008473
008475
008476
008477
008478
008479
008480
008481
008482
008483
008484
008486
008487
008488
008489
008490
008491
008492
008493
008494
008495
008496
008499
008500
008502
008504
008505
008508
008510
008512
008513
008514
008516
008520
008522
008523
008524
008526
008528
008529
008530
008531
008532
008533
008534
008536
008537
008539
008541
008542
008545
008546
008547
008548
008549
008551
008552
008553
008555
008556
008558
008559
008560
008561
008563
008564
008565
008566
008571
008572
008575
008577
008583
008584
008585
008587
008588
008589
008590
008592
008594
008595
008596
008600
008601
008602
008603
008604
008606
008607
008608
008609
008611
008612
008614
008615
008617
008618
008619
008620
008622
008623
008624
008625
008626
008629
008630
008631
008632
008633
008635
008636
008637
008640
008641
008642
008644
008645
008646
008647
008648
008650
008651
008652
008658
008659
008660
008662
008663
008664
008665
008666
008667
008669
008671
008673
008674
008675
008678
008680
008681
008682
008683
008684
008685
008686
008687
008688
008689
008690
008691
008694
008695
008696
008697
008698
008699
008702
008703
008704
008705
008706
008707
008708
008709
008710
008711
008712
008713
008714
008717
008718
008719
008721
008722
008723
008724
008725
008726
008727
008728
008730
008732
008733
008734
008735
008736
008737
008739
008740
008741
008744
008745
008746
008747
008748
008749
008754
008755
008757
008759
008760
008761
008762
008763
008765
008766
008768
008769
008770
008771
008772
008773
008775
008778
008781
008782
008783
008785
008787
008789
008790
008791
008792
008793
008795
008796
008797
008798
008799
008800
008801
008802
008804
008805
008806
008807
008808
008809
008810
008811
008813
008814
008816
008817
008820
008821
008823
008824
008829
008830
008832
008833
008834
008835
008837
008839
008840
008843
008844
008845
008846
008848
008849
008850
008852
008853
008854
008855
008858
008859
008861
008863
008864
008866
008867
008868
008869
008871
008872
008873
008875
008876
008877
008879
008882
008884
008885
008886
008887
008888
008889
008890
008891
008894
008897
008900
008901
008905
008907
008908
008909
008910
008911
008912
008913
008914
008917
008918
008919
008920
008921
008922
008924
008926
008929
008930
008933
008937
008938
008940
008942
008945
008946
008947
008948
008949
008950
008951
008954
008957
008959
008960
008961
008962
008963
008964
008965
008967
008969
008970
008971
008973
008974
008978
008979
008981
008983
008984
008987
008989
008990
008991
008992
008993
008997
008998
008999
009001
009003
009004
009005
009006
009009
009011
009012
009013
009014
009015
009016
009017
009018
009020
009024
009027
009028
009029
009030
009031
009033
009034
009035
009038
009039
009040
009041
009043
009044
009045
009046
009048
009051
009052
009053
009054
009055
009056
009057
009058
009059
009060
009061
009062
009063
009064
009065
009066
009067
009070
009071
009072
009073
009074
009075
009076
009077
009079
009081
009082
009084
009085
009086
009087
009088
009090
009091
009092
009093
009094
009096
009098
